Num clouds: 3
cheff000.pcd
0.000000	1.000000	0.000000	9.795696	
-0.850651	0.000000	-0.525731	-31.793976	
-0.525731	0.000000	0.850651	-639.534851	
-0.000000	-0.000000	-0.000000	1.000000	
cheff001.pcd
0.000000	-1.000000	0.000000	9.795696	
-0.850651	-0.000000	-0.525731	-31.793945	
0.525731	-0.000000	-0.850651	-638.229004	
-0.000000	0.000000	0.000000	1.000000	
cheff002.pcd
-0.000000	-1.000000	-0.000000	9.795696	
-0.850651	-0.000000	0.525731	-32.601044	
-0.525731	-0.000000	-0.850651	-638.229004	
-0.000000	0.000000	0.000000	1.000000	
